This is me312.317,-0.03,0.12,-0.00,312.317,0.0086,-0.0298,-1.1105,312.317,-0.3968,-0.4433,-1.6169
312.317,-0.03,0.12,-0.00,312.317,0.0086,-0.0298,-1.1105,312.317,-0.3968,-0.4433,-1.6169
312.317,-0.03,0.12,-0.00,312.317,0.0086,-0.0298,-1.1105,312.317,-0.3968,-0.4433,-1.6169
312.317,-0.03,0.12,-0.00,312.317,0.0086,-0.0298,-1.1105,312.317,-0.3968,-0.4433
312.317,-0.03,0.12,-0.00,312.317,0.0086,-0.0298,-1.1105,312.317,-0.3968,-0.4433,-1.6169
312.317,-0.03,0.12,-0.00,312.317,0.0086,-0.0298,-1.1105,312.317,-0.3968,-0.4433,-1.6169
312.317,-0.03,0.12,-0.00,312.317,0.0086,-0.0298,-1.1105,312.317,-0.3968,-0.4433,-1.6169
312.317,-0.03,0.12,-0.00,312.317,0.0086,-0.0298,-1.1105,312.317,-0.3968,-0.4433,-1.6169
312.317,-0.03,0.12,-0.00,312.317,0.0086,-0.0298,-1.1105,312.317,-0.3968,-0.4433,-1.6169
312.317,-0.03,0.12,-0.00,312.317,0.0086,-0.0298,-1.1105,312.317,-0.3968,-0.4433,-1.6169
313.318,0.06,-0.03,-0.09,313.318,0.0087,-0.0269,-1.1107,313.318,-0.3882,-0.3829,-1.5593
313.318,0.06,-0.03,-0.09,313.318,0.0087,-0.0269,-1.1107,313.318,-0.3882,-0.3829,-1.5593
313.318,0.06,-0.03,-0.09,313.318,0.0087,-0.0269,-1.1107,313.318,-0.3882,-0.3829,-1.5593
313.318,0.06,-0.03,-0.09,313.318,0.0087,-0.0269,-1.1107,313.318,-0.3882,-0.3829,-1.5593
313.318,0.06,-0.03,-0.09,313.318,0.0087,-0.0269,-1.1107,313.318,-0.3882,-0.3829,-1.5593
313.318,0.06,-0.03,-0.09,313.318,0.0087,-0.0269,-1.1107,313.318,-0.3882,-0.3829,-1.5593
313.318,0.06,-0.03,-0.09,313.318,0.0087,-0.0269,-1.1107,313.318,-0.3882,-0.3829,-1.5593
313.318,0.06,-0.03,-0.09,313.318,0.0087,-0.0269,-1.1107,313.318,-0.3882,-0.3829,-1.5593
313.318,0.06,-0.03,-0.09,313.318,0.0087,-0.0269,-1.1107,313.318,-0.3882,-0.3829,-1.5593
313.318,0.06,-0.03,-0.09,313.318,0.0087,-0.0269,-1.1107,313.318,-0.3882,-0.3829,-1.5593
314.318,-0.03,0.02,0.02,314.318,0.0096,-0.0296,-1.1112,314.318,-0.4079,-0.4137,-1.5966
314.318,-0.03,0.02,0.02,314.318,0.0096,-0.0296,-1.1112,314.318,-0.4079,-0.4137,-1.5966
314.318,-0.03,0.02,0.02,314.318,0.0096,-0.0296,-1.1112,314.318,-0.4079,-0.4137,-1.5966
314.318,-0.03,0.02,0.02,314.318,0.0096,-0.0296,-1.1112,314.318,-0.4079,-0.4137,-1.5966
314.318,-0.03,0.02,0.02,314.318,0.0096,-0.0296,-1.1112,314.318,-0.4079,-0.4137,-1.5966
314.318,-0.03,0.02,0.02,314.318,0.0096,-0.0296,-1.1112,314.318,-0.4079,-0.4137,-1.5966
314.318,-0.03,0.02,0.02,314.318,0.0096,-0.0296,-1.1112,314.318,-0.4079,-0.4137,-1.5966
314.318,-0.03,0.02,0.02,314.318,0.0096,-0.0296,-1.1112,314.318,-0.4079,-0.4137,-1.5966
314.318,-0.03,0.02,0.02,314.318,0.0096,-0.0296,-1.1112,314.318,-0.4079,-0.4137,-1.5966
314.318,-0.03,0.02,0.02,314.318,0.0096,-0.0296,-1.1112,314.318,-0.4079,-0.4137,-1.5966
315.318,-0.00,-0.03,-0.00,315.318,0.0098,-0.0298,-1.1092,315.318,-0.3986,-0.3743,-1.6287
315.318,-0.00,-0.03,-0.00,315.318,0.0098,-0.0298,-1.1092,315.318,-0.3986,-0.3743,-1.6287
315.318,-0.00,-0.03,-0.00,315.318,0.0098,-0.0298,-1.1092,315.318,-0.3986,-0.3743,-1.6287
315.318,-0.00,-0.03,-0.00,315.318,0.0098,-0.0298,-1.1092,315.318,-0.3986,-0.3743,-1.6287
315.318,-0.00,-0.03,-0.00,315.318,0.0098,-0.0298,-1.1092,315.318,-0.3986,-0.3743,-1.6287
315.318,-0.00,-0.03,-0.00,315.318,0.0098,-0.0298,-1.1092,315.318,-0.3986,-0.3743,-1.6287
315.318,-0.00,-0.03,-0.00,315.318,0.0098,-0.0298,-1.1092,315.318,-0.3986,-0.3743,-1.6287
315.318,-0.00,-0.03,-0.00,315.318,0.0098,-0.0298,-1.1092,315.318,-0.3986,-0.3743,-1.6287
315.318,-0.00,-0.03,-0.00,315.318,0.0098,-0.0298,-1.1092,315.318,-0.3986,-0.3743,-1.6287
315.318,-0.00,-0.03,-0.00,315.318,0.0098,-0.0298,-1.1092,315.318,-0.3986,-0.3743,-1.6287
316.318,-0.03,0.02,0.02,316.318,0.0093,-0.0292,-1.1105,316.318,-0.4401,-0.4170,-1.5820
316.318,-0.03,0.02,0.02,316.318,0.0093,-0.0292,-1.1105,316.318,-0.4401,-0.4170,-1.5820
316.318,-0.03,0.02,0.02,316.318,0.0093,-0.0292,-1.1105,316.318,-0.4401,-0.4170,-1.5820
316.318,-0.03,0.02,0.02,316.318,0.0093,-0.0292,-1.1105,316.318,-0.4401,-0.4170,-1.5820
316.318,-0.03,0.02,0.02,316.318,0.0093,-0.0292,-1.1105,316.318,-0.4401,-0.4170,-1.5820
316.318,-0.03,0.02,0.02,316.318,0.0093,-0.0292,-1.1105,316.318,-0.4401,-0.4170,-1.5820
316.318,-0.03,0.02,0.02,316.318,0.0093,-0.0292,-1.1105,316.318,-0.4401,-0.4170,-1.5820
316.318,-0.03,0.02,0.02,316.318,0.0093,-0.0292,-1.1105,316.318,-0.4401,-0.4170,-1.5820
316.318,-0.03,0.02,0.02,316.318,0.0093,-0.0292,-1.1105,316.318,-0.4401,-0.4170,-1.5820
316.318,-0.03,0.02,0.02,316.318,0.0093,-0.0292,-1.1105,316.318,-0.4401,-0.4170,-1.5820
317.318,0.02,0.08,0.05,317.318,0.0093,-0.0291,-1.1096,317.318,-0.3899,-0.4076,-1.5106
317.318,0.02,0.08,0.05,317.318,0.0093,-0.0291,-1.1096,317.318,-0.3899,-0.4076,-1.5106
317.318,0.02,0.08,0.05,317.318,0.0093,-0.0291,-1.1096,317.318,-0.3899,-0.4076,-1.5106
317.318,0.02,0.08,0.05,317.318,0.0093,-0.0291,-1.1096,317.318,-0.3899,-0.4076,-1.5106
317.318,0.02,0.08,0.05,317.318,0.0093,-0.0291,-1.1096,317.318,-0.3899,-0.4076,-1.5106
317.318,0.02,0.08,0.05,317.318,0.0093,-0.0291,-1.1096,317.318,-0.3899,-0.4076,-1.5106
317.318,0.02,0.08,0.05,317.318,0.0093,-0.0291,-1.1096,317.318,-0.3899,-0.4076,-1.5106
317.318,0.02,0.08,0.05,317.318,0.0093,-0.0291,-1.1096,317.318,-0.3899,-0.4076,-1.5106
317.318,0.02,0.08,0.05,317.318,0.0093,-0.0291,-1.1096,317.318,-0.3899,-0.4076,-1.5106
317.318,0.02,0.08,0.05,317.318,0.0093,-0.0291,-1.1096,317.318,-0.3899,-0.4076,-1.5106
318.319,0.05,0.02,-0.00,318.319,0.0102,-0.0300,-1.1104,318.319,-0.4327,-0.4239,-1.6207
318.319,0.05,0.02,-0.00,318.319,0.0102,-0.0300,-1.1104,318.319,-0.4327,-0.4239,-1.6207
318.319,0.05,0.02,-0.00,318.319,0.0102,-0.0300,-1.1104,318.319,-0.4327,-0.4239,-1.6207
318.319,0.05,0.02,-0.00,318.319,0.0102,-0.0300,-1.1104,318.319,-0.4327,-0.4239,-1.6207
318.319,0.05,0.02,-0.00,318.319,0.0102,-0.0300,-1.1104,318.319,-0.4327,-0.4239,-1.6207
318.319,0.05,0.02,-0.00,318.319,0.0102,-0.0300,-1.1104,318.319,-0.4327,-0.4239,-1.6207
318.319,0.05,0.02,-0.00,318.319,0.0102,-0.0300,-1.1104,318.319,-0.4327,-0.4239,-1.6207
318.319,0.05,0.02,-0.00,318.319,0.0102,-0.0300,-1.1104,318.319,-0.4327,-0.4239,-1.6207
318.319,0.05,0.02,-0.00,318.319,0.0102,-0.0300,-1.1104,318.319,-0.4327,-0.4239,-1.6207
318.319,0.05,0.02,-0.00,318.319,0.0102,-0.0300,-1.1104,318.319,-0.4327,-0.4239,-1.6207
319.319,-0.03,-0.03,0.08,319.319,0.0087,-0.0304,-1.1111,319.319,-0.3811,-0.3785,-1.6271
319.319,-0.03,-0.03,0.08,319.319,0.0087,-0.0304,-1.1111,319.319,-0.3811,-0.3785,-1.6271
319.319,-0.03,-0.03,0.08,319.319,0.0087,-0.0304,-1.1111,319.319,-0.3811,-0.3785,-1.6271
319.319,-0.03,-0.03,0.08,319.319,0.0087,-0.0304,-1.1111,319.319,-0.3811,-0.3785,-1.6271
319.319,-0.03,-0.03,0.08,319.319,0.0087,-0.0304,-1.1111,319.319,-0.3811,-0.3785,-1.6271
319.319,-0.03,-0.03,0.08,319.319,0.0087,-0.0304,-1.1111,319.319,-0.3811,-0.3785,-1.6271
319.319,-0.03,-0.03,0.08,319.319,0.0087,-0.0304,-1.1111,319.319,-0.3811,-0.3785,-1.6271
319.319,-0.03,-0.03,0.08,319.319,0.0087,-0.0304,-1.1111,319.319,-0.3811,-0.3785,-1.6271
319.319,-0.03,-0.03,0.08,319.319,0.0087,-0.0304,-1.1111,319.319,-0.3811,-0.3785,-1.6271
320.319,0.06,0.02,0.02,320.319,0.0089,-0.0283,-1.1094,320.319,-0.3788,-0.4105,-1.5364
320.319,0.06,0.02,0.02,320.319,0.0089,-0.0283,-1.1094,320.319,-0.3788,-0.4105,-1.5364
320.319,0.06,0.02,0.02,320.319,0.0089,-0.0283,-1.1094,320.319,-0.3788,-0.4105,-1.5364
320.319,0.06,0.02,0.02,320.319,0.0089,-0.0283,-1.1094,320.319,-0.3788,-0.4105,-1.5364
320.319,0.06,0.02,0.02,320.319,0.0089,-0.0283,-1.1094,320.319,-0.3788,-0.4105,-1.5364
320.319,0.06,0.02,0.02,320.319,0.0089,-0.0283,-1.1094,320.319,-0.3788,-0.4105,-1.5364
320.319,0.06,0.02,0.02,320.319,0.0089,-0.0283,-1.1094,320.319,-0.3788,-0.4105,-1.5364
320.319,0.06,0.02,0.02,320.319,0.0089,-0.0283,-1.1094,320.319,-0.3788,-0.4105,-1.5364
320.319,0.06,0.02,0.02,320.319,0.0089,-0.0283,-1.1094,320.319,-0.3788,-0.4105,-1.5364
320.319,0.06,0.02,0.02,320.319,0.0089,-0.0283,-1.1094,320.319,-0.3788,-0.4105,-1.5364
321.319,-0.06,0.05,-0.06,321.319,0.0093,-0.0292,-1.1105,321.319,-0.4281,-0.4408,-1.5836
321.319,-0.06,0.05,-0.06,321.319,0.0093,-0.0292,-1.1105,321.319,-0.4281,-0.4408,-1.5836
321.319,-0.06,0.05,-0.06,321.319,0.0093,-0.0292,-1.1105,321.319,-0.4281,-0.4408,-1.5836
321.319,-0.06,0.05,-0.06,321.319,0.0093,-0.0292,-1.1105,321.319,-0.4281,-0.4408,-1.5836
321.319,-0.06,0.05,-0.06,321.319,0.0093,-0.0292,-1.1105,321.319,-0.4281,-0.4408,-1.5836
321.319,-0.06,0.05,-0.06,321.319,0.0093,-0.0292,-1.1105,321.319,-0.4281,-0.4408,-1.5836
321.319,-0.06,0.05,-0.06,321.319,0.0093,-0.0292,-1.1105,321.319,-0.4281,-0.4408,-1.5836
321.319,-0.06,0.05,-0.06,321.319,0.0093,-0.0292,-1.1105,321.319,-0.4281,-0.4408,-1.5836
321.319,-0.06,0.05,-0.06,321.319,0.0093,-0.0292,-1.1105,321.319,-0.4281,-0.4408,-1.5836
321.319,-0.06,0.05,-0.06,321.319,0.0093,-0.0292,-1.1105,321.319,-0.4281,-0.4408,-1.5836
322.319,-0.03,0.02,0.08,322.319,0.0093,-0.0288,-1.1104,322.319,-0.3328,-0.4537,-1.5596
322.319,-0.03,0.02,0.08,322.319,0.0093,-0.0288,-1.1104,322.319,-0.3328,-0.4537,-1.5596
322.319,-0.03,0.02,0.08,322.319,0.0093,-0.0288,-1.1104,322.319,-0.3328,-0.4537,-1.5596
322.319,-0.03,0.02,0.08,322.319,0.0093,-0.0288,-1.1104,322.319,-0.3328,-0.4537,-1.5596
322.319,-0.03,0.02,0.08,322.319,0.0093,-0.0288,-1.1104,322.319,-0.3328,-0.4537,-1.5596
322.319,-0.03,0.02,0.08,322.319,0.0093,-0.0288,-1.1104,322.319,-0.3328,-0.4537,-1.5596
322.319,-0.03,0.02,0.08,322.319,0.0093,-0.0288,-1.1104,322.319,-0.3328,-0.4537,-1.5596
322.319,-0.03,0.02,0.08,322.319,0.0093,-0.0288,-1.1104,322.319,-0.3328,-0.4537,-1.5596
322.319,-0.03,0.02,0.08,322.319,0.0093,-0.0288,-1.1104,322.319,-0.3328,-0.4537,-1.5596
322.319,-0.03,0.02,0.08,322.319,0.0093,-0.0288,-1.1104,322.319,-0.3328,-0.4537,-1.5596
323.320,-0.00,-0.03,0.05,323.320,0.0096,-0.0301,-1.1101,323.320,-0.4046,-0.4448,-1.5782
323.320,-0.00,-0.03,0.05,323.320,0.0096,-0.0301,-1.1101,323.320,-0.4046,-0.4448,-1.5782
323.320,-0.00,-0.03,0.05,323.320,0.0096,-0.0301,-1.1101,323.320,-0.4046,-0.4448,-1.5782
323.320,-0.00,-0.03,0.05,323.320,0.0096,-0.0301,-1.1101,323.320,-0.4046,-0.4448,-1.5782
323.320,-0.00,-0.03,0.05,323.320,0.0096,-0.0301,-1.1101,323.320,-0.4046,-0.4448,-1.5782
323.320,-0.00,-0.03,0.05,323.320,0.0096,-0.0301,-1.1101,323.320,-0.4046,-0.4448,-1.5782
323.320,-0.00,-0.03,0.05,323.320,0.0096,-0.0301,-1.1101,323.320,-0.4046,-0.4448,-1.5782
323.320,-0.00,-0.03,0.05,323.320,0.0096,-0.0301,-1.1101,323.320,-0.4046,-0.4448,-1.5782
323.320,-0.00,-0.03,0.05,323.320,0.0096,-0.0301,-1.1101,323.320,-0.4046,-0.4448,-1.5782
323.320,-0.00,-0.03,0.05,323.320,0.0096,-0.0301,-1.1101,323.320,-0.4046,-0.4448,-1.5782
324.320,-0.00,0.08,0.02,324.320,0.0096,-0.0292,-1.1108,324.320,-0.4191,-0.3872,-1.5586
324.320,-0.00,0.08,0.02,324.320,0.0096,-0.0292,-1.1108,324.320,-0.4191,-0.3872,-1.5586
324.320,-0.00,0.08,0.02,324.320,0.0096,-0.0292,-1.1108,324.320,-0.4191,-0.3872,-1.5586
324.320,-0.00,0.08,0.02,324.320,0.0096,-0.0292,-1.1108,324.320,-0.4191,-0.3872,-1.5586
324.320,-0.00,0.08,0.02,324.320,0.0096,-0.0292,-1.1108,324.320,-0.4191,-0.3872,-1.5586
324.320,-0.00,0.08,0.02,324.320,0.0096,-0.0292,-1.1108,324.320,-0.4191,-0.3872,-1.5586
324.320,-0.00,0.08,0.02,324.320,0.0096,-0.0292,-1.1108,324.320,-0.4191,-0.3872,-1.5586
324.320,-0.00,0.08,0.02,324.320,0.0096,-0.0292,-1.1108,324.320,-0.4191,-0.3872,-1.5586
324.320,-0.00,0.08,0.02,324.320,0.0096,-0.0292,-1.1108,324.320,-0.4191,-0.3872,-1.5586
324.320,-0.00,0.08,0.02,324.320,0.0096,-0.0292,-1.1108,324.320,-0.4191,-0.3872,-1.5586
325.320,-0.00,0.08,0.02,325.320,0.0107,-0.0311,-1.1109,325.320,-0.4011,-0.3771,-1.5433
325.320,-0.00,0.08,0.02,325.320,0.0107,-0.0311,-1.1109,325.320,-0.4011,-0.3771,-1.5433
325.320,-0.00,0.08,0.02,325.320,0.0107,-0.0311,-1.1109,325.320,-0.4011,-0.3771,-1.5433
325.320,-0.00,0.08,0.02,325.320,0.0107,-0.0311,-1.1109,325.320,-0.4011,-0.3771,-1.5433
325.320,-0.00,0.08,0.02,325.320,0.0107,-0.0311,-1.1109,325.320,-0.4011,-0.3771,-1.5433
325.320,-0.00,0.08,0.02,325.320,0.0107,-0.0311,-1.1109,325.320,-0.4011,-0.3771,-1.5433
325.320,-0.00,0.08,0.02,325.320,0.0107,-0.0311,-1.1109,325.320,-0.4011,-0.3771,-1.5433
325.320,-0.00,0.08,0.02,325.320,0.0107,-0.0311,-1.1109,325.320,-0.4011,-0.3771,-1.5433
325.320,-0.00,0.08,0.02,325.320,0.0107,-0.0311,-1.1109,325.320,-0.4011,-0.3771,-1.5433
325.320,-0.00,0.08,0.02,325.320,0.0107,-0.0311,-1.1109,325.320,-0.4011,-0.3771,-1.5433
326.320,0.33,7.83,2.56,326.320,0.0141,-0.0336,-1.1145,326.320,-0.4353,-0.4015,-1.5865
326.320,0.33,7.83,2.56,326.320,0.0141,-0.0336,-1.1145,326.320,-0.4353,-0.4015,-1.5865
326.320,0.33,7.83,2.56,326.320,0.0141,-0.0336,-1.1145,326.320,-0.4353,-0.4015,-1.5865
326.320,0.33,7.83,2.56,326.320,0.0141,-0.0336,-1.1145,326.320,-0.4353,-0.4015,-1.5865
326.320,0.33,7.83,2.56,326.320,0.0141,-0.0336,-1.1145,326.320,-0.4353,-0.4015,-1.5865
326.320,0.33,7.83,2.56,326.320,0.0141,-0.0336,-1.1145,326.320,-0.4353,-0.4015,-1.5865
326.320,0.33,7.83,2.56,326.320,0.0141,-0.0336,-1.1145,326.320,-0.4353,-0.4015,-1.5865
326.320,0.33,7.83,2.56,326.320,0.0141,-0.0336,-1.1145,326.320,-0.4353,-0.4015,-1.5865
326.320,0.33,7.83,2.56,326.320,0.0141,-0.0336,-1.1145,326.320,-0.4353,-0.4015,-1.5865
326.320,0.33,7.83,2.56,326.320,0.0141,-0.0336,-1.1145,326.320,-0.4353,-0.4015,-1.5865
327.324,-4.36,-75.62,22.31,327.324,0.4433,-0.0134,-0.9972,327.324,0.5338,-0.3911,-1.4766
327.324,-4.36,-75.62,22.31,327.324,0.4433,-0.0134,-0.9972,327.324,0.5338,-0.3911,-1.4766
327.324,-4.36,-75.62,22.31,327.324,0.4433,-0.0134,-0.9972,327.324,0.5338,-0.3911,-1.4766
327.324,-4.36,-75.62,22.31,327.324,0.4433,-0.0134,-0.9972,327.324,0.5338,-0.3911,-1.4766
327.324,-4.36,-75.62,22.31,327.324,0.4433,-0.0134,-0.9972,327.324,0.5338,-0.3911,-1.4766
327.324,-4.36,-75.62,22.31,327.324,0.4433,-0.0134,-0.9972,327.324,0.5338,-0.3911,-1.4766
327.324,-4.36,-75.62,22.31,327.324,0.4433,-0.0134,-0.9972,327.324,0.5338,-0.3911,-1.4766
327.324,-4.36,-75.62,22.31,327.324,0.4433,-0.0134,-0.9972,327.324,0.5338,-0.3911,-1.4766
327.324,-4.36,-75.62,22.31,327.324,0.4433,-0.0134,-0.9972,327.324,0.5338,-0.3911,-1.4766
328.324,-0.30,0.00,-5.57,328.324,0.0146,-0.0143,-1.1109,328.324,-0.4380,-0.4332,-1.5588
328.324,-0.30,0.00,-5.57,328.324,0.0146,-0.0143,-1.1109,328.324,-0.4380,-0.4332,-1.5588
328.324,-0.30,0.00,-5.57,328.324,0.0146,-0.0143,-1.1109,328.324,-0.4380,-0.4332,-1.5588
328.324,-0.30,0.00,-5.57,328.324,0.0146,-0.0143,-1.1109,328.324,-0.4380,-0.4332,-1.5588
328.324,-0.30,0.00,-5.57,328.324,0.0146,-0.0143,-1.1109,328.324,-0.4380,-0.4332,-1.5588
328.324,-0.30,0.00,-5.57,328.324,0.0146,-0.0143,-1.1109,328.324,-0.4380,-0.4332,-1.5588
328.324,-0.30,0.00,-5.57,328.324,0.0146,-0.0143,-1.1109,328.324,-0.4380,-0.4332,-1.5588
328.324,-0.30,0.00,-5.57,328.324,0.0146,-0.0143,-1.1109,328.324,-0.4380,-0.4332,-1.5588
328.324,-0.30,0.00,-5.57,328.324,0.0146,-0.0143,-1.1109,328.324,-0.4380,-0.4332,-1.5588
328.324,-0.30,0.00,-5.57,328.324,0.0146,-0.0143,-1.1109,328.324,-0.4380,-0.4332,-1.5588
329.327,4.95,-9.78,6.93,329.327,0.0201,0.4648,-0.9772,329.327,-0.4250,0.3182,-1.7013
329.327,4.95,-9.78,6.93,329.327,0.0201,0.4648,-0.9772,329.327,-0.4250,0.3182,-1.7013
329.327,4.95,-9.78,6.93,329.327,0.0201,0.4648,-0.9772,329.327,-0.4250,0.3182,-1.7013
329.327,4.95,-9.78,6.93,329.327,0.0201,0.4648,-0.9772,329.327,-0.4250,0.3182,-1.7013
329.327,4.95,-9.78,6.93,329.327,0.0201,0.4648,-0.9772,329.327,-0.4250,0.3182,-1.7013
329.327,4.95,-9.78,6.93,329.327,0.0201,0.4648,-0.9772,329.327,-0.4250,0.3182,-1.7013
329.327,4.95,-9.78,6.93,329.327,0.0201,0.4648,-0.9772,329.327,-0.4250,0.3182,-1.7013
329.327,4.95,-9.78,6.93,329.327,0.0201,0.4648,-0.9772,329.327,-0.4250,0.3182,-1.7013
329.327,4.95,-9.78,6.93,329.327,0.0201,0.4648,-0.9772,329.327,-0.4250,0.3182,-1.7013
329.327,4.95,-9.78,6.93,329.327,0.0201,0.4648,-0.9772,329.327,-0.4250,0.3182,-1.7013
330.327,-6.10,34.00,-2.56,330.327,0.0240,-0.0728,-1.1211,330.327,-0.3829,-0.4523,-1.5876
330.327,-6.10,34.00,-2.56,330.327,0.0240,-0.0728,-1.1211,330.327,-0.3829,-0.4523,-1.5876
330.327,-6.10,34.00,-2.56,330.327,0.0240,-0.0728,-1.1211,330.327,-0.3829,-0.4523,-1.5876
330.327,-6.10,34.00,-2.56,330.327,0.0240,-0.0728,-1.1211,330.327,-0.3829,-0.4523,-1.5876
330.327,-6.10,34.00,-2.56,330.327,0.0240,-0.0728,-1.1211,330.327,-0.3829,-0.4523,-1.5876
330.327,-6.10,34.00,-2.56,330.327,0.0240,-0.0728,-1.1211,330.327,-0.3829,-0.4523,-1.5876
330.327,-6.10,34.00,-2.56,330.327,0.0240,-0.0728,-1.1211,330.327,-0.3829,-0.4523,-1.5876
330.327,-6.10,34.00,-2.56,330.327,0.0240,-0.0728,-1.1211,330.327,-0.3829,-0.4523,-1.5876
330.327,-6.10,34.00,-2.56,330.327,0.0240,-0.0728,-1.1211,330.327,-0.3829,-0.4523,-1.5876
330.327,-6.10,34.00,-2.56,330.327,0.0240,-0.0728,-1.1211,330.327,-0.3829,-0.4523,-1.5876
331.328,9.35,-63.93,-7.37,331.328,0.4955,-0.0116,-0.9785,331.328,0.5737,-0.3678,-1.4399
331.328,9.35,-63.93,-7.37,331.328,0.4955,-0.0116,-0.9785,331.328,0.5737,-0.3678,-1.4399
331.328,9.35,-63.93,-7.37,331.328,0.4955,-0.0116,-0.9785,331.328,0.5737,-0.3678,-1.4399
331.328,9.35,-63.93,-7.37,331.328,0.4955,-0.0116,-0.9785,331.328,0.5737,-0.3678,-1.4399
331.328,9.35,-63.93,-7.37,331.328,0.4955,-0.0116,-0.9785,331.328,0.5737,-0.3678,-1.4399
331.328,9.35,-63.93,-7.37,331.328,0.4955,-0.0116,-0.9785,331.328,0.5737,-0.3678,-1.4399
331.328,9.35,-63.93,-7.37,331.328,0.4955,-0.0116,-0.9785,331.328,0.5737,-0.3678,-1.4399
331.328,9.35,-63.93,-7.37,331.328,0.4955,-0.0116,-0.9785,331.328,0.5737,-0.3678,-1.4399
331.328,9.35,-63.93,-7.37,331.328,0.4955,-0.0116,-0.9785,331.328,0.5737,-0.3678,-1.4399
331.328,9.35,-63.93,-7.37,331.328,0.4955,-0.0116,-0.9785,331.328,0.5737,-0.3678,-1.4399
332.328,-24.15,-4.85,8.14,332.328,0.0202,-0.0660,-1.1017,332.328,-0.4025,-0.4620,-1.5764
332.328,-24.15,-4.85,8.14,332.328,0.0202,-0.0660,-1.1017,332.328,-0.4025,-0.4620,-1.5764
332.328,-24.15,-4.85,8.14,332.328,0.0202,-0.0660,-1.1017,332.328,-0.4025,-0.4620,-1.5764
332.328,-24.15,-4.85,8.14,332.328,0.0202,-0.0660,-1.1017,332.328,-0.4025,-0.4620,-1.5764
332.328,-24.15,-4.85,8.14,332.328,0.0202,-0.0660,-1.1017,332.328,-0.4025,-0.4620,-1.5764
332.328,-24.15,-4.85,8.14,332.328,0.0202,-0.0660,-1.1017,332.328,-0.4025,-0.4620,-1.5764
332.328,-24.15,-4.85,8.14,332.328,0.0202,-0.0660,-1.1017,332.328,-0.4025,-0.4620,-1.5764
332.328,-24.15,-4.85,8.14,332.328,0.0202,-0.0660,-1.1017,332.328,-0.4025,-0.4620,-1.5764
332.328,-24.15,-4.85,8.14,332.328,0.0202,-0.0660,-1.1017,332.328,-0.4025,-0.4620,-1.5764
332.328,-24.15,-4.85,8.14,332.328,0.0202,-0.0660,-1.1017,332.328,-0.4025,-0.4620,-1.5764
333.329,-74.62,-2.03,-9.85,333.329,0.1234,-0.4109,-0.9617,333.329,-0.0347,-0.9535,-1.1101
333.329,-74.62,-2.03,-9.85,333.329,0.1234,-0.4109,-0.9617,333.329,-0.0347,-0.9535,-1.1101
333.329,-74.62,-2.03,-9.85,333.329,0.1234,-0.4109,-0.9617,333.329,-0.0347,-0.9535,-1.1101
333.329,-74.62,-2.03,-9.85,333.329,0.1234,-0.4109,-0.9617,333.329,-0.0347,-0.9535,-1.1101
333.329,-74.62,-2.03,-9.85,333.329,0.1234,-0.4109,-0.9617,333.329,-0.0347,-0.9535,-1.1101
333.329,-74.62,-2.03,-9.85,333.329,0.1234,-0.4109,-0.9617,333.329,-0.0347,-0.9535,-1.1101
333.329,-74.62,-2.03,-9.85,333.329,0.1234,-0.4109,-0.9617,333.329,-0.0347,-0.9535,-1.1101
333.329,-74.62,-2.03,-9.85,333.329,0.1234,-0.4109,-0.9617,333.329,-0.0347,-0.9535,-1.1101
333.329,-74.62,-2.03,-9.85,333.329,0.1234,-0.4109,-0.9617,333.329,-0.0347,-0.9535,-1.1101
333.329,-74.62,-2.03,-9.85,333.329,0.1234,-0.4109,-0.9617,333.329,-0.0347,-0.9535,-1.1101
334.330,-0.03,-0.00,-0.00,334.330,0.0098,-0.0300,-1.1105,334.330,-0.4390,-0.3835,-1.6345
334.330,-0.03,-0.00,-0.00,334.330,0.0098,-0.0300,-1.1105,334.330,-0.4390,-0.3835,-1.6345
334.330,-0.03,-0.00,-0.00,334.330,0.0098,-0.0300,-1.1105,334.330,-0.4390,-0.3835,-1.6345
334.330,-0.03,-0.00,-0.00,334.330,0.0098,-0.0300,-1.1105,334.330,-0.4390,-0.3835,-1.6345
334.330,-0.03,-0.00,-0.00,334.330,0.0098,-0.0300,-1.1105,334.330,-0.4390,-0.3835,-1.6345
334.330,-0.03,-0.00,-0.00,334.330,0.0098,-0.0300,-1.1105,334.330,-0.4390,-0.3835,-1.6345
334.330,-0.03,-0.00,-0.00,334.330,0.0098,-0.0300,-1.1105,334.330,-0.4390,-0.3835,-1.6345
334.330,-0.03,-0.00,-0.00,334.330,0.0098,-0.0300,-1.1105,334.330,-0.4390,-0.3835,-1.6345
334.330,-0.03,-0.00,-0.00,334.330,0.0098,-0.0300,-1.1105,334.330,-0.4390,-0.3835,-1.6345
334.330,-0.03,-0.00,-0.00,334.330,0.0098,-0.0300,-1.1105,334.330,-0.4390,-0.3835,-1.6345
335.330,0.02,-0.06,0.02,335.330,0.0077,-0.0323,-1.1107,335.330,-0.3895,-0.4341,-1.5869
335.330,0.02,-0.06,0.02,335.330,0.0077,-0.0323,-1.1107,335.330,-0.3895,-0.4341,-1.5869
335.330,0.02,-0.06,0.02,335.330,0.0077,-0.0323,-1.1107,335.330,-0.3895,-0.4341,-1.5869
335.330,0.02,-0.06,0.02,335.330,0.0077,-0.0323,-1.1107,335.330,-0.3895,-0.4341,-1.5869
335.330,0.02,-0.06,0.02,335.330,0.0077,-0.0323,-1.1107,335.330,-0.3895,-0.4341,-1.5869
335.330,0.02,-0.06,0.02,335.330,0.0077,-0.0323,-1.1107,335.330,-0.3895,-0.4341,-1.5869
335.330,0.02,-0.06,0.02,335.330,0.0077,-0.0323,-1.1107,335.330,-0.3895,-0.4341,-1.5869
335.330,0.02,-0.06,0.02,335.330,0.0077,-0.0323,-1.1107,335.330,-0.3895,-0.4341,-1.5869
335.330,0.02,-0.06,0.02,335.330,0.0077,-0.0323,-1.1107,335.330,-0.3895,-0.4341,-1.5869
336.330,0.02,0.02,-0.00,336.330,0.0100,-0.0296,-1.1104,336.330,-0.4570,-0.4214,-1.5959
336.330,0.02,0.02,-0.00,336.330,0.0100,-0.0296,-1.1104,336.330,-0.4570,-0.4214,-1.5959
336.330,0.02,0.02,-0.00,336.330,0.0100,-0.0296,-1.1104,336.330,-0.4570,-0.4214,-1.5959
336.330,0.02,0.02,-0.00,336.330,0.0100,-0.0296,-1.1104,336.330,-0.4570,-0.4214,-1.5959
336.330,0.02,0.02,-0.00,336.330,0.0100,-0.0296,-1.1104,336.330,-0.4570,-0.4214,-1.5959
336.330,0.02,0.02,-0.00,336.330,0.0100,-0.0296,-1.1104,336.330,-0.4570,-0.4214,-1.5959
336.330,0.02,0.02,-0.00,336.330,0.0100,-0.0296,-1.1104,336.330,-0.4570,-0.4214,-1.5959
336.330,0.02,0.02,-0.00,336.330,0.0100,-0.0296,-1.1104,336.330,-0.4570,-0.4214,-1.5959
336.330,0.02,0.02,-0.00,336.330,0.0100,-0.0296,-1.1104,336.330,-0.4570,-0.4214,-1.5959
336.330,0.02,0.02,-0.00,336.330,0.0100,-0.0296,-1.1104,336.330,-0.4570,-0.4214,-1.5959
337.330,0.00,-0.00,-0.00,337.330,0.0090,-0.0303,-1.1094,337.330,-0.4123,-0.4186,-1.6027
337.330,0.00,-0.00,-0.00,337.330,0.0090,-0.0303,-1.1094,337.330,-0.4123,-0.4186,-1.6027
337.330,0.00,-0.00,-0.00,337.330,0.0090,-0.0303,-1.1094,337.330,-0.4123,-0.4186,-1.6027
337.330,0.00,-0.00,-0.00,337.330,0.0090,-0.0303,-1.1094,337.330,-0.4123,-0.4186,-1.6027
337.330,0.00,-0.00,-0.00,337.330,0.0090,-0.0303,-1.1094,337.330,-0.4123,-0.4186,-1.6027
337.330,0.00,-0.00,-0.00,337.330,0.0090,-0.0303,-1.1094,337.330,-0.4123,-0.4186,-1.6027
337.330,0.00,-0.00,-0.00,337.330,0.0090,-0.0303,-1.1094,337.330,-0.4123,-0.4186,-1.6027
337.330,0.00,-0.00,-0.00,337.330,0.0090,-0.0303,-1.1094,337.330,-0.4123,-0.4186,-1.6027
337.330,0.00,-0.00,-0.00,337.330,0.0090,-0.0303,-1.1094,337.330,-0.4123,-0.4186,-1.6027
337.330,0.00,-0.00,-0.00,337.330,0.0090,-0.0303,-1.1094,337.330,-0.4123,-0.4186,-1.6027
338.331,-0.06,-0.00,0.02,338.331,0.0087,-0.0308,-1.1100,338.331,-0.4109,-0.4078,-1.5522
338.331,-0.06,-0.00,0.02,338.331,0.0087,-0.0308,-1.1100,338.331,-0.4109,-0.4078,-1.5522
338.331,-0.06,-0.00,0.02,338.331,0.0087,-0.0308,-1.1100,338.331,-0.4109,-0.4078,-1.5522
338.331,-0.06,-0.00,0.02,338.331,0.0087,-0.0308,-1.1100,338.331,-0.4109,-0.4078,-1.5522
338.331,-0.06,-0.00,0.02,338.331,0.0087,-0.0308,-1.1100,338.331,-0.4109,-0.4078,-1.5522
338.331,-0.06,-0.00,0.02,338.331,0.0087,-0.0308,-1.1100,338.331,-0.4109,-0.4078,-1.5522
338.331,-0.06,-0.00,0.02,338.331,0.0087,-0.0308,-1.1100,338.331,-0.4109,-0.4078,-1.5522
338.331,-0.06,-0.00,0.02,338.331,0.0087,-0.0308,-1.1100,338.331,-0.4109,-0.4078,-1.5522
338.331,-0.06,-0.00,0.02,338.331,0.0087,-0.0308,-1.1100,338.331,-0.4109,-0.4078,-1.5522
338.331,-0.06,-0.00,0.02,338.331,0.0087,-0.0308,-1.1100,338.331,-0.4109,-0.4078,-1.5522
339.331,-0.06,0.08,0.05,339.331,0.0109,-0.0306,-1.1100,339.331,-0.3828,-0.4400,-1.6549
339.331,-0.06,0.08,0.05,339.331,0.0109,-0.0306,-1.1100,339.331,-0.3828,-0.4400,-1.6549
339.331,-0.06,0.08,0.05,339.331,0.0109,-0.0306,-1.1100,339.331,-0.3828,-0.4400,-1.6549
339.331,-0.06,0.08,0.05,339.331,0.0109,-0.0306,-1.1100,339.331,-0.3828,-0.4400,-1.6549
339.331,-0.06,0.08,0.05,339.331,0.0109,-0.0306,-1.1100,339.331,-0.3828,-0.4400,-1.6549
339.331,-0.06,0.08,0.05,339.331,0.0109,-0.0306,-1.1100,339.331,-0.3828,-0.4400,-1.6549
339.331,-0.06,0.08,0.05,339.331,0.0109,-0.0306,-1.1100,339.331,-0.3828,-0.4400,-1.6549
339.331,-0.06,0.08,0.05,339.331,0.0109,-0.0306,-1.1100,339.331,-0.3828,-0.4400,-1.6549
339.331,-0.06,0.08,0.05,339.331,0.0109,-0.0306,-1.1100,339.331,-0.3828,-0.4400,-1.6549
339.331,-0.06,0.08,0.05,339.331,0.0109,-0.0306,-1.1100,339.331,-0.3828,-0.4400,-1.6549
340.331,-0.06,0.06,-0.03,340.331,0.0113,-0.0305,-1.1112,340.331,-0.3863,-0.4563,-1.5557
340.331,-0.06,0.06,-0.03,340.331,0.0113,-0.0305,-1.1112,340.331,-0.3863,-0.4563,-1.5557
340.331,-0.06,0.06,-0.03,340.331,0.0113,-0.0305,-1.1112,340.331,-0.3863,-0.4563,-1.5557
340.331,-0.06,0.06,-0.03,340.331,0.0113,-0.0305,-1.1112,340.331,-0.3863,-0.4563,-1.5557
340.331,-0.06,0.06,-0.03,340.331,0.0113,-0.0305,-1.1112,340.331,-0.3863,-0.4563,-1.5557
340.331,-0.06,0.06,-0.03,340.331,0.0113,-0.0305,-1.1112,340.331,-0.3863,-0.4563,-1.5557
340.331,-0.06,0.06,-0.03,340.331,0.0113,-0.0305,-1.1112,340.331,-0.3863,-0.4563,-1.5557
340.331,-0.06,0.06,-0.03,340.331,0.0113,-0.0305,-1.1112,340.331,-0.3863,-0.4563,-1.5557
340.331,-0.06,0.06,-0.03,340.331,0.0113,-0.0305,-1.1112,340.331,-0.3863,-0.4563,-1.5557
340.331,-0.06,0.06,-0.03,340.331,0.0113,-0.0305,-1.1112,340.331,-0.3863,-0.4563,-1.5557
341.331,-0.00,-0.03,-0.00,341.331,0.0091,-0.0307,-1.1104,341.331,-0.4739,-0.4433,-1.6050
341.331,-0.00,-0.03,-0.00,341.331,0.0091,-0.0307,-1.1104,341.331,-0.4739,-0.4433,-1.6050
341.331,-0.00,-0.03,-0.00,341.331,0.0091,-0.0307,-1.1104,341.331,-0.4739,-0.4433,-1.6050
341.331,-0.00,-0.03,-0.00,341.331,0.0091,-0.0307,-1.1104,341.331,-0.4739,-0.4433,-1.6050
341.331,-0.00,-0.03,-0.00,341.331,0.0091,-0.0307,-1.1104,341.331,-0.4739,-0.4433,-1.6050
341.331,-0.00,-0.03,-0.00,341.331,0.0091,-0.0307,-1.1104,341.331,-0.4739,-0.4433,-1.6050
341.331,-0.00,-0.03,-0.00,341.331,0.0091,-0.0307,-1.1104,341.331,-0.4739,-0.4433,-1.6050
341.331,-0.00,-0.03,-0.00,341.331,0.0091,-0.0307,-1.1104,341.331,-0.4739,-0.4433,-1.6050
341.331,-0.00,-0.03,-0.00,341.331,0.0091,-0.0307,-1.1104,341.331,-0.4739,-0.4433,-1.6050
341.331,-0.00,-0.03,-0.00,341.331,0.0091,-0.0307,-1.1104,341.331,-0.4739,-0.4433,-1.6050
342.331,0.06,-0.00,0.05,342.331,0.0098,-0.0300,-1.1115,342.331,-0.3867,-0.4181,-1.5748
342.331,0.06,-0.00,0.05,342.331,0.0098,-0.0300,-1.1115,342.331,-0.3867,-0.4181,-1.5748
342.331,0.06,-0.00,0.05,342.331,0.0098,-0.0300,-1.1115,342.331,-0.3867,-0.4181,-1.5748
342.331,0.06,-0.00,0.05,342.331,0.0098,-0.0300,-1.1115,342.331,-0.3867,-0.4181,-1.5748
342.331,0.06,-0.00,0.05,342.331,0.0098,-0.0300,-1.1115,342.331,-0.3867,-0.4181,-1.5748
342.331,0.06,-0.00,0.05,342.331,0.0098,-0.0300,-1.1115,342.331,-0.3867,-0.4181,-1.5748
342.331,0.06,-0.00,0.05,342.331,0.0098,-0.0300,-1.1115,342.331,-0.3867,-0.4181,-1.5748
342.331,0.06,-0.00,0.05,342.331,0.0098,-0.0300,-1.1115,342.331,-0.3867,-0.4181,-1.5748
342.331,0.06,-0.00,0.05,342.331,0.0098,-0.0300,-1.1115,342.331,-0.3867,-0.4181,-1.5748
342.331,0.06,-0.00,0.05,342.331,0.0098,-0.0300,-1.1115,342.331,-0.3867,-0.4181,-1.5748
343.332,-0.09,0.12,-0.00,343.332,0.0114,-0.0313,-1.1094,343.332,-0.4093,-0.4087,-1.5837
343.332,-0.09,0.12,-0.00,343.332,0.0114,-0.0313,-1.1094,343.332,-0.4093,-0.4087,-1.5837
343.332,-0.09,0.12,-0.00,343.332,0.0114,-0.0313,-1.1094,343.332,-0.4093,-0.4087,-1.5837
343.332,-0.09,0.12,-0.00,343.332,0.0114,-0.0313,-1.1094,343.332,-0.4093,-0.4087,-1.5837
343.332,-0.09,0.12,-0.00,343.332,0.0114,-0.0313,-1.1094,343.332,-0.4093,-0.4087,-1.5837
343.332,-0.09,0.12,-0.00,343.332,0.0114,-0.0313,-1.1094,343.332,-0.4093,-0.4087,-1.5837
343.332,-0.09,0.12,-0.00,343.332,0.0114,-0.0313,-1.1094,343.332,-0.4093,-0.4087,-1.5837
343.332,-0.09,0.12,-0.00,343.332,0.0114,-0.0313,-1.1094,343.332,-0.4093,-0.4087,-1.5837
343.332,-0.09,0.12,-0.00,343.332,0.0114,-0.0313,-1.1094,343.332,-0.4093,-0.4087,-1.5837
344.332,-0.00,0.05,-0.03,344.332,0.0111,-0.0306,-1.1111,344.332,-0.4126,-0.4033,-1.5305
344.332,-0.00,0.05,-0.03,344.332,0.0111,-0.0306,-1.1111,344.332,-0.4126,-0.4033,-1.5305
344.332,-0.00,0.05,-0.03,344.332,0.0111,-0.0306,-1.1111,344.332,-0.4126,-0.4033,-1.5305
344.332,-0.00,0.05,-0.03,344.332,0.0111,-0.0306,-1.1111,344.332,-0.4126,-0.4033,-1.5305
344.332,-0.00,0.05,-0.03,344.332,0.0111,-0.0306,-1.1111,344.332,-0.4126,-0.4033,-1.5305
344.332,-0.00,0.05,-0.03,344.332,0.0111,-0.0306,-1.1111,344.332,-0.4126,-0.4033,-1.5305
344.332,-0.00,0.05,-0.03,344.332,0.0111,-0.0306,-1.1111,344.332,-0.4126,-0.4033,-1.5305
344.332,-0.00,0.05,-0.03,344.332,0.0111,-0.0306,-1.1111,344.332,-0.4126,-0.4033,-1.5305
344.332,-0.00,0.05,-0.03,344.332,0.0111,-0.0306,-1.1111,344.332,-0.4126,-0.4033,-1.5305
344.332,-0.00,0.05,-0.03,344.332,0.0111,-0.0306,-1.1111,344.332,-0.4126,-0.4033,-1.5305
345.332,0.02,0.05,0.02,345.332,0.0097,-0.0299,-1.1109,345.332,-0.4974,-0.4180,-1.6461
345.332,0.02,0.05,0.02,345.332,0.0097,-0.0299,-1.1109,345.332,-0.4974,-0.4180,-1.6461
345.332,0.02,0.05,0.02,345.332,0.0097,-0.0299,-1.1109,345.332,-0.4974,-0.4180,-1.6461
345.332,0.02,0.05,0.02,345.332,0.0097,-0.0299,-1.1109,345.332,-0.4974,-0.4180,-1.6461
345.332,0.02,0.05,0.02,345.332,0.0097,-0.0299,-1.1109,345.332,-0.4974,-0.4180,-1.6461
345.332,0.02,0.05,0.02,345.332,0.0097,-0.0299,-1.1109,345.332,-0.4974,-0.4180,-1.6461
345.332,0.02,0.05,0.02,345.332,0.0097,-0.0299,-1.1109,345.332,-0.4974,-0.4180,-1.6461
345.332,0.02,0.05,0.02,345.332,0.0097,-0.0299,-1.1109,345.332,-0.4974,-0.4180,-1.6461
345.332,0.02,0.05,0.02,345.332,0.0097,-0.0299,-1.1109,345.332,-0.4974,-0.4180,-1.6461
345.332,0.02,0.05,0.02,345.332,0.0097,-0.0299,-1.1109,345.332,-0.4974,-0.4180,-1.6461
346.332,0.09,-0.06,0.02,346.332,0.0109,-0.0314,-1.1098,346.332,-0.4375,-0.4593,-1.5988
346.332,0.09,-0.06,0.02,346.332,0.0109,-0.0314,-1.1098,346.332,-0.4375,-0.4593,-1.5988
346.332,0.09,-0.06,0.02,346.332,0.0109,-0.0314,-1.1098,346.332,-0.4375,-0.4593,-1.5988
346.332,0.09,-0.06,0.02,346.332,0.0109,-0.0314,-1.1098,346.332,-0.4375,-0.4593,-1.5988
346.332,0.09,-0.06,0.02,346.332,0.0109,-0.0314,-1.1098,346.332,-0.4375,-0.4593,-1.5988
346.332,0.09,-0.06,0.02,346.332,0.0109,-0.0314,-1.1098,346.332,-0.4375,-0.4593,-1.5988
346.332,0.09,-0.06,0.02,346.332,0.0109,-0.0314,-1.1098,346.332,-0.4375,-0.4593,-1.5988
346.332,0.09,-0.06,0.02,346.332,0.0109,-0.0314,-1.1098,346.332,-0.4375,-0.4593,-1.5988
346.332,0.09,-0.06,0.02,346.332,0.0109,-0.0314,-1.1098,346.332,-0.4375,-0.4593,-1.5988
346.332,0.09,-0.06,0.02,346.332,0.0109,-0.0314,-1.1098,346.332,-0.4375,-0.4593,-1.5988
347.332,-0.03,-0.00,-0.03,347.332,0.0100,-0.0309,-1.1100,347.332,-0.4231,-0.3821,-1.6485
347.332,-0.03,-0.00,-0.03,347.332,0.0100,-0.0309,-1.1100,347.332,-0.4231,-0.3821,-1.6485
347.332,-0.03,-0.00,-0.03,347.332,0.0100,-0.0309,-1.1100,347.332,-0.4231,-0.3821,-1.6485
347.332,-0.03,-0.00,-0.03,347.332,0.0100,-0.0309,-1.1100,347.332,-0.4231,-0.3821,-1.6485
347.332,-0.03,-0.00,-0.03,347.332,0.0100,-0.0309,-1.1100,347.332,-0.4231,-0.3821,-1.6485
347.332,-0.03,-0.00,-0.03,347.332,0.0100,-0.0309,-1.1100,347.332,-0.4231,-0.3821,-1.6485
347.332,-0.03,-0.00,-0.03,347.332,0.0100,-0.0309,-1.1100,347.332,-0.4231,-0.3821,-1.6485
347.332,-0.03,-0.00,-0.03,347.332,0.0100,-0.0309,-1.1100,347.332,-0.4231,-0.3821,-1.6485
347.332,-0.03,-0.00,-0.03,347.332,0.0100,-0.0309,-1.1100,347.332,-0.4231,-0.3821,-1.6485
347.332,-0.03,-0.00,-0.03,347.332,0.0100,-0.0309,-1.1100,347.332,-0.4231,-0.3821,-1.6485
348.333,-0.00,0.05,0.05,348.333,0.0089,-0.0288,-1.1096,348.333,-0.3681,-0.4092,-1.6240
348.333,-0.00,0.05,0.05,348.333,0.0089,-0.0288,-1.1096,348.333,-0.3681,-0.4092,-1.6240
348.333,-0.00,0.05,0.05,348.333,0.0089,-0.0288,-1.1096,348.333,-0.3681,-0.4092,-1.6240
348.333,-0.00,0.05,0.05,348.333,0.0089,-0.0288,-1.1096,348.333,-0.3681,-0.4092,-1.6240
348.333,-0.00,0.05,0.05,348.333,0.0089,-0.0288,-1.1096,348.333,-0.3681,-0.4092,-1.6240
348.333,-0.00,0.05,0.05,348.333,0.0089,-0.0288,-1.1096,348.333,-0.3681,-0.4092,-1.6240
348.333,-0.00,0.05,0.05,348.333,0.0089,-0.0288,-1.1096,348.333,-0.3681,-0.4092,-1.6240
348.333,-0.00,0.05,0.05,348.333,0.0089,-0.0288,-1.1096,348.333,-0.3681,-0.4092,-1.6240
348.333,-0.00,0.05,0.05,348.333,0.0089,-0.0288,-1.1096,348.333,-0.3681,-0.4092,-1.6240
348.333,-0.00,0.05,0.05,348.333,0.0089,-0.0288,-1.1096,348.333,-0.3681,-0.4092,-1.6240
349.333,-0.00,0.02,-0.00,349.333,0.0092,-0.0299,-1.1105,349.333,-0.4102,-0.4800,-1.5654
349.333,-0.00,0.02,-0.00,349.333,0.0092,-0.0299,-1.1105,349.333,-0.4102,-0.4800,-1.5654
349.333,-0.00,0.02,-0.00,349.333,0.0092,-0.0299,-1.1105,349.333,-0.4102,-0.4800,-1.5654
349.333,-0.00,0.02,-0.00,349.333,0.0092,-0.0299,-1.1105,349.333,-0.4102,-0.4800,-1.5654
349.333,-0.00,0.02,-0.00,349.333,0.0092,-0.0299,-1.1105,349.333,-0.4102,-0.4800,-1.5654
349.333,-0.00,0.02,-0.00,349.333,0.0092,-0.0299,-1.1105,349.333,-0.4102,-0.4800,-1.5654
349.333,-0.00,0.02,-0.00,349.333,0.0092,-0.0299,-1.1105,349.333,-0.4102,-0.4800,-1.5654
349.333,-0.00,0.02,-0.00,349.333,0.0092,-0.0299,-1.1105,349.333,-0.4102,-0.4800,-1.5654
349.333,-0.00,0.02,-0.00,349.333,0.0092,-0.0299,-1.1105,349.333,-0.4102,-0.4800,-1.5654
349.333,-0.00,0.02,-0.00,349.333,0.0092,-0.0299,-1.1105,349.333,-0.4102,-0.4800,-1.5654
350.333,-0.06,-0.00,0.11,350.333,0.0094,-0.0294,-1.1106,350.333,-0.3876,-0.4127,-1.6026
350.333,-0.06,-0.00,0.11,350.333,0.0094,-0.0294,-1.1106,350.333,-0.3876,-0.4127,-1.6026
350.333,-0.06,-0.00,0.11,350.333,0.0094,-0.0294,-1.1106,350.333,-0.3876,-0.4127,-1.6026
350.333,-0.06,-0.00,0.11,350.333,0.0094,-0.0294,-1.1106,350.333,-0.3876,-0.4127,-1.6026
350.333,-0.06,-0.00,0.11,350.333,0.0094,-0.0294,-1.1106,350.333,-0.3876,-0.4127,-1.6026
350.333,-0.06,-0.00,0.11,350.333,0.0094,-0.0294,-1.1106,350.333,-0.3876,-0.4127,-1.6026
350.333,-0.06,-0.00,0.11,350.333,0.0094,-0.0294,-1.1106,350.333,-0.3876,-0.4127,-1.6026
350.333,-0.06,-0.00,0.11,350.333,0.0094,-0.0294,-1.1106,350.333,-0.3876,-0.4127,-1.6026
350.333,-0.06,-0.00,0.11,350.333,0.0094,-0.0294,-1.1106,350.333,-0.3876,-0.4127,-1.6026
350.333,-0.06,-0.00,0.11,350.333,0.0094,-0.0294,-1.1106,350.333,-0.3876,-0.4127,-1.6026
351.333,-0.06,0.02,0.02,351.333,0.0102,-0.0315,-1.1115,351.333,-0.3817,-0.3671,-1.6136
351.333,-0.06,0.02,0.02,351.333,0.0102,-0.0315,-1.1115,351.333,-0.3817,-0.3671,-1.6136
351.333,-0.06,0.02,0.02,351.333,0.0102,-0.0315,-1.1115,351.333,-0.3817,-0.3671,-1.6136
351.333,-0.06,0.02,0.02,351.333,0.0102,-0.0315,-1.1115,351.333,-0.3817,-0.3671,-1.6136
351.333,-0.06,0.02,0.02,351.333,0.0102,-0.0315,-1.1115,351.333,-0.3817,-0.3671,-1.6136
351.333,-0.06,0.02,0.02,351.333,0.0102,-0.0315,-1.1115,351.333,-0.3817,-0.3671,-1.6136
351.333,-0.06,0.02,0.02,351.333,0.0102,-0.0315,-1.1115,351.333,-0.3817,-0.3671,-1.6136
351.333,-0.06,0.02,0.02,351.333,0.0102,-0.0315,-1.1115,351.333,-0.3817,-0.3671,-1.6136
351.333,-0.06,0.02,0.02,351.333,0.0102,-0.0315,-1.1115,351.333,-0.3817,-0.3671,-1.6136
352.333,-0.15,0.05,0.02,352.333,0.0108,-0.0309,-1.1109,352.333,-0.3856,-0.4006,-1.5640
352.333,-0.15,0.05,0.02,352.333,0.0108,-0.0309,-1.1109,352.333,-0.3856,-0.4006,-1.5640
352.333,-0.15,0.05,0.02,352.333,0.0108,-0.0309,-1.1109,352.333,-0.3856,-0.4006,-1.5640
352.333,-0.15,0.05,0.02,352.333,0.0108,-0.0309,-1.1109,352.333,-0.3856,-0.4006,-1.5640
352.333,-0.15,0.05,0.02,352.333,0.0108,-0.0309,-1.1109,352.333,-0.3856,-0.4006,-1.5640
352.333,-0.15,0.05,0.02,352.333,0.0108,-0.0309,-1.1109,352.333,-0.3856,-0.4006,-1.5640
352.333,-0.15,0.05,0.02,352.333,0.0108,-0.0309,-1.1109,352.333,-0.3856,-0.4006,-1.5640
352.333,-0.15,0.05,0.02,352.333,0.0108,-0.0309,-1.1109,352.333,-0.3856,-0.4006,-1.5640
352.333,-0.15,0.05,0.02,352.333,0.0108,-0.0309,-1.1109,352.333,-0.3856,-0.4006,-1.5640
352.333,-0.15,0.05,0.02,352.333,0.0108,-0.0309,-1.1109,352.333,-0.3856,-0.4006,-1.5640
353.334,0.09,0.05,0.02,353.334,0.0091,-0.0303,-1.1111,353.334,-0.4835,-0.4260,-1.5715
353.334,0.09,0.05,0.02,353.334,0.0091,-0.0303,-1.1111,353.334,-0.4835,-0.4260,-1.5715
353.334,0.09,0.05,0.02,353.334,0.0091,-0.0303,-1.1111,353.334,-0.4835,-0.4260,-1.5715
353.334,0.09,0.05,0.02,353.334,0.0091,-0.0303,-1.1111,353.334,-0.4835,-0.4260,-1.5715
353.334,0.09,0.05,0.02,353.334,0.0091,-0.0303,-1.1111,353.334,-0.4835,-0.4260,-1.5715
353.334,0.09,0.05,0.02,353.334,0.0091,-0.0303,-1.1111,353.334,-0.4835,-0.4260,-1.5715
353.334,0.09,0.05,0.02,353.334,0.0091,-0.0303,-1.1111,353.334,-0.4835,-0.4260,-1.5715
353.334,0.09,0.05,0.02,353.334,0.0091,-0.0303,-1.1111,353.334,-0.4835,-0.4260,-1.5715
353.334,0.09,0.05,0.02,353.334,0.0091,-0.0303,-1.1111,353.334,-0.4835,-0.4260,-1.5715
353.334,0.09,0.05,0.02,353.334,0.0091,-0.0303,-1.1111,353.334,-0.4835,-0.4260,-1.5715
354.334,-0.06,0.02,0.05,354.334,0.0089,-0.0299,-1.1111,354.334,-0.4372,-0.4561,-1.6164
354.334,-0.06,0.02,0.05,354.334,0.0089,-0.0299,-1.1111,354.334,-0.4372,-0.4561,-1.6164
354.334,-0.06,0.02,0.05,354.334,0.0089,-0.0299,-1.1111,354.334,-0.4372,-0.4561,-1.6164
354.334,-0.06,0.02,0.05,354.334,0.0089,-0.0299,-1.1111,354.334,-0.4372,-0.4561,-1.6164
354.334,-0.06,0.02,0.05,354.334,0.0089,-0.0299,-1.1111,354.334,-0.4372,-0.4561,-1.6164
354.334,-0.06,0.02,0.05,354.334,0.0089,-0.0299,-1.1111,354.334,-0.4372,-0.4561,-1.6164
354.334,-0.06,0.02,0.05,354.334,0.0089,-0.0299,-1.1111,354.334,-0.4372,-0.4561,-1.6164
354.334,-0.06,0.02,0.05,354.334,0.0089,-0.0299,-1.1111,354.334,-0.4372,-0.4561,-1.6164
354.334,-0.06,0.02,0.05,354.334,0.0089,-0.0299,-1.1111,354.334,-0.4372,-0.4561,-1.6164
354.334,-0.06,0.02,0.05,354.334,0.0089,-0.0299,-1.1111,354.334,-0.4372,-0.4561,-1.6164
355.334,-0.03,0.05,0.05,355.334,0.0097,-0.0315,-1.1090,355.334,-0.3695,-0.4255,-1.6306
355.334,-0.03,0.05,0.05,355.334,0.0097,-0.0315,-1.1090,355.334,-0.3695,-0.4255,-1.6306
355.334,-0.03,0.05,0.05,355.334,0.0097,-0.0315,-1.1090,355.334,-0.3695,-0.4255,-1.6306
355.334,-0.03,0.05,0.05,355.334,0.0097,-0.0315,-1.1090,355.334,-0.3695,-0.4255,-1.6306
355.334,-0.03,0.05,0.05,355.334,0.0097,-0.0315,-1.1090,355.334,-0.3695,-0.4255,-1.6306
355.334,-0.03,0.05,0.05,355.334,0.0097,-0.0315,-1.1090,355.334,-0.3695,-0.4255,-1.6306
355.334,-0.03,0.05,0.05,355.334,0.0097,-0.0315,-1.1090,355.334,-0.3695,-0.4255,-1.6306
355.334,-0.03,0.05,0.05,355.334,0.0097,-0.0315,-1.1090,355.334,-0.3695,-0.4255,-1.6306
355.334,-0.03,0.05,0.05,355.334,0.0097,-0.0315,-1.1090,355.334,-0.3695,-0.4255,-1.6306
355.334,-0.03,0.05,0.05,355.334,0.0097,-0.0315,-1.1090,355.334,-0.3695,-0.4255,-1.6306
356.334,0.02,0.02,-0.00,356.334,0.0081,-0.0304,-1.1099,356.334,-0.4660,-0.4345,-1.6406
356.334,0.02,0.02,-0.00,356.334,0.0081,-0.0304,-1.1099,356.334,-0.4660,-0.4345,-1.6406
356.334,0.02,0.02,-0.00,356.334,0.0081,-0.0304,-1.1099,356.334,-0.4660,-0.4345,-1.6406
356.334,0.02,0.02,-0.00,356.334,0.0081,-0.0304,-1.1099,356.334,-0.4660,-0.4345,-1.6406
356.334,0.02,0.02,-0.00,356.334,0.0081,-0.0304,-1.1099,356.334,-0.4660,-0.4345,-1.6406
